191
564
638
567
135
684
276
585
356
157
600
465
94
287
634
125
48
195
131
768
66
511
483
6
315
453
242
786
792
207
761
361
113
4
231
286
601
586
468
85
789
1
487
101
696
200
303
429
784
318
737
603
90
579
526
790
323
596
606
720
292
722
175
115
263
507
84
227
420
602
731
45
376
59
663
732
337
721
309
225
548
509
412
198
1
715
297
400
446
534
563
540
155
422
687
537
11
263
574
94
236
589
572
439
22
92
14
161
358
93
344
176
769
14
416
637
692
148
770
433
135
129
744
80
507
655
208
538
4
422
248
635
750
217
560
339
151
784
187
297
486
125
323
364
382
213
452
203
296
737
655
609
581
32
31
96
315
313
137
338
410
486
520
382
11
709
410
240
68
120
67
600
521
116
178
723
343
781
682
486
431
326
437
595
746
603
34
481
257
35
518
482
191
782
459
806
993
161
652
202
543
945
636
556
873
444
323
14
442
782
780
519
161
730
956
83
365
33
314
196
329
505
856
712
882
611
905
552
617
762
865
406
123
114
944
637
119
995
189
744
640
503
344
71
220
213
318
933
783
98
860
74
591
820
11
912
16
979
543
46
271
563
9
984
100
710
214
55
Your Output (stdout)
54
Expected Output
97
